9611.095403613692
24760.456202895497
41527.10245940282
53987.254601166074
69082.65143396161
79473.57030378847
96042.13346430533
110832.23161999253
122751.93103344545
137489.34167287458
148413.73425088043
160337.5910511365
173229.75320725486
188085.9581852344
205164.0935592661
218405.19231356672
229288.74984572176
238893.46026370852
253373.59650519656
266300.7505060242
278247.7282033104
289292.56925960496
303790.87548399874
315702.6760258845
327382.2207104656
341592.40136521176
357080.70662227337
371195.20435115916
380144.08520154026
397314.5709314562
411716.63369223994
423289.5045176495
436608.8483458944
452653.04998568137
465756.9759029075
480355.6799076554
491899.5954019565
502981.66494393884
512296.2625226915
526823.6510334265
536095.259658837
552569.7820983222
565255.943989155
574753.2924065174
584714.387364739
599699.573343014
603185.0304418544
618688.146908448
632786.6431608802
645783.8037201915
660756.2418202402
673540.3735471284
686480.4636559564
700240.4015345684
711942.6026284418
721237.240774334
733999.8849560769
749875.5268371111
763194.7053067647
778234.7486063434
790113.0347495455
803191.929453293
814506.08625299
828870.3128577293
844458.9146206036
859311.9344397327
877400.3120768045
890533.8470849547
900569.148911874
914090.3584086224
924770.6658683185
937275.9767518075
950641.4986030686
968822.2669218343
978091.3962170862
988253.063439965
1004136.8939487986
1015236.8456636962
1028293.0160548971
1043909.2553324079
1052929.1656536062
1067689.1572596328
1082834.0106576607
1090463.838804393
1101643.1209521925
1116489.1375923115
1131757.3248968325
1143937.1569197224
1160140.8535840516
1171126.8006646612
1176955.5524935683
1188415.3341864846
1202216.638969874
1210942.0202503512
1224037.864374479
1233859.128904199
1249629.8646695665
1263365.3490041583
1278246.6013141295
1293052.5913704238
1303441.236747237
1314951.9040727487
1324209.6054814695
1335753.4758969366
1353198.1789068044
1367654.9630241506
1378861.8027333305
1394169.210181003
1409619.5908853817
1424076.948147517
1438305.2470218332
1452128.9449893422
1468288.031769262
1482227.825466543
1493081.1843996681
1504892.1976285581
1523433.5472879065
1535490.533300794
1551900.323883294
1565868.7019166537
1579905.5068493157
1595656.300446709
1608811.7318196923
1626131.625935586
1636694.375267273
1652205.6697793494
1664459.647803407
1675313.7898384181
1683329.1997614861
1698619.8446628705
1715045.2782844976
1728867.5056926839
1742357.022879122
1749421.215282303
1765596.4537496779
1778179.9062474568
1790175.072912919
1805982.1389896327
1818906.2326116404
1831468.2982191946
1839511.6796667983
1852967.1215290606
1864534.194178662
1879476.7752326112
1896114.6806270191
1906146.4088914066
1918793.8919968745
1929498.2608076269
1942481.3195013679
1953955.8622791287
1968963.3252563274
1982243.704073544
1998884.693963624
2009960.0881464123
2026671.330142689
2044450.0463442996
2056036.5189366809
2064771.7859887895
2081090.4858125555
2093022.9774460867
2108017.3183270637
2124487.954293496
2136746.845945455
2150478.527342055
2163301.5839294773
2177387.1953013497
2188432.0533439866
2200493.0016870894
2214479.855857318
2218363.6003779885
2236905.5670464095
2249916.7494228557
2265084.8677402944
2275825.9325441993
2288831.0645186054
2302833.598903201
2318291.1093470515
2334064.5320759322
2351265.0758791924
2366859.4745088513
2373238.656117101
2382116.473362535
2392065.7086921735
2405745.1193829877
2416254.7679962255
2428964.7724776594
2437976.1454276624
2455281.1620787587
2470079.9658702486
2484463.7094859113
2498114.872682546
2513486.178278269
2522430.2069932367
2537336.799845415
2548714.777380669
2562403.6518174093
2573885.153555435
2587641.468905294
2601947.3058212
2616221.015168125
2626795.73537593
2639560.2654071567
2656473.4759675954
2668426.561828984
2684216.7106546634
2699410.356570408
2712582.8682838054
2724801.6292067966
2734510.325795467
2749996.832171936
2765236.3108088844
2776947.2973352433
2790095.3306455296
2805523.7308203764
2818473.469726371
2835107.341681039
2847299.5255824625
2854595.8832058082
2871894.667452348
2882767.9858464054
2895940.974710716
2911491.8378021675
2926321.173800008
2940488.867821321
2953941.81760459
2965070.3225712148
2977455.606179212
2992430.025288123
3006001.9876351287
3024725.2210157956
3038018.660999139
3047571.6761910943
3057608.0196654387
3071817.3932827986
3086541.2787816282
3102870.0005232184
3118661.2595736017
3134075.483226614
3141970.972907634
3159979.512006438
3170100.060506861
3184738.370463516
3198139.0210287534
3209989.2815829082
3218451.6970884833
3230698.784280016
3243949.4541197796
3259658.3083240604
3274995.155793895
3285450.956919529
3301728.7798611624
3314868.179914651
3324752.0800935673
3338288.2622430194
3349570.036428854
3363256.8564928444
3371641.278452567
3384280.838699367
3397173.230833587
3409831.7433202784
3426091.0252465215
3437876.1494716736
3451877.3841055073
3469545.271509339
3484091.0267901574
3495621.4065770023
3507996.523306456
3514261.147286357
3529350.621983733
3545075.77772651
3555328.8211037535
3568375.4709607004
3583030.085965986
3596360.13590453
3610853.0968549876
3623341.279208343
3635679.2971975193
3645003.988937591
3657911.9552157787
3674000.897677436
3684022.062464398
3698126.777394291
3709608.1860435004
3722896.016125407
3735130.6053632954
3748201.3706373964
3763151.541798431
3773001.1948656095
3783775.6147418334
3801082.641280197
3811994.975001033
3825451.0649844254
3835383.9993644906
3842853.0795067153
3858247.053190502
3871505.034860897
3882767.5551174087
3894683.424701527
3910636.631575639
3923309.5591822723
3934323.892701277
3949510.37692163
3964717.29064738
3975701.975157692
3990142.8261484965
4002852.840779441
4015392.4404655606
4031221.022565688
4044404.696067591
4054886.9483338874
4067598.943191271
4078680.121936824
4093195.5134463157
4108509.9528762517
4119602.942715082
4125010.0187800187
4141761.7616115515
4157920.3200941915
4170308.041709146
4190921.470168546
4205888.946294524
4220139.953833373
4234198.86251738
4245872.879748067
4261218.982287357
4274773.251266802
4287886.578295722
4298092.775414292
4314022.8760290425
4330153.646863051
4342819.3069175435
4356683.32538049
4365248.035605429
4378340.790725928
4393099.707402122
4407747.61501787
4422372.181711569
4436738.565867023
4447520.022713949
4461213.018126397
4473024.2603646135
4487363.627301425
4500050.127696559
4514850.2396875955
4526039.862160142
4541217.854904494
4554715.765736177
4568911.753396131
4580508.720047399
4595095.638352604
4607013.484093397
4623382.996499959
4635139.400921454
4648476.787364754
4659764.134821462
4675861.119057751
4688967.549455924
4700229.465629925
4713198.030048799
4727884.686798583
4743207.83577389
4754772.555161897
4771327.035217172
4784083.036622054
4800400.421864406
4811921.206444405
4827098.0387841975
4840093.218159109
4853778.270489784
4867849.222714621
4881829.097761831
4895143.874518101
4902705.92418165
4913808.627957701
4929535.979263697
4943414.386169081
4950635.923929888
4966044.035672197
4977904.255804315
4993228.584043468
5005390.83676512
5019809.032778641
5030267.955360026
5045588.009533222
5063025.223086912
5074041.1047212435
5081113.378339592
5095803.8619892495
5111709.440245024
5115640.787597073
5132235.248876584
5146491.543633431
5160122.150958257
5170382.213550183
5186710.944632928
5197022.430975256
5209145.554465257
5220785.431553438
5238266.173752752
5252605.968353835
5262637.31810163
5273472.908560206
5289734.963731634
5303633.878005025
5317687.720669267
5331216.982722039
5343073.981799032
5356204.998572791
5366258.206589547
5380251.724018632
5395799.724936015
5409381.4875789415
5423082.767005231
5434271.2385208
5451349.690947616
5461124.281971457
5474476.881188038
5485704.541934737
5497167.154660139
5511722.29319065
5524827.265786223
5540707.458198126
5558094.9792667655
5567875.55672314
5578413.577357772
5586091.385967809
5598082.902911504
5615476.073542349
5628648.799364682
5638793.257901902
5653326.596020699
5667905.723907561
5678110.343754996
5693978.198888114
5704877.609772997
5717885.028573947
5731037.248481681
5747691.486964201
5755098.890021715
5769682.2859018305
5779697.672375455
5794959.3612049995
5810363.695422393
5822148.528312409
5837011.345652054
5848801.681962742
5863362.687089196
5878262.978436772
5891373.509540458
5903246.2534785345
5915070.853668692
5927703.538055138
5937951.583747886
5950511.839172808
5965180.137712421
5979187.951875155
5993471.873523724
6008162.304753037
6016984.987367733
6031947.3590979315
6044228.227368766
6060339.158211628
6074504.780759768
6085159.663315856
6098444.242539601
6109615.6211800845
6117780.378558074
6134034.37639377
6143844.275873295
6155489.722463904
6167919.885252037
6183954.918540136
6198149.194222864
6211527.558934881
6227871.247642207
6240821.469485851
6257601.856013008
6265745.89818926
6279820.947665453
6292226.622166904
6300299.277439952
6318470.932624624
6330614.224944093
6343486.48352818
6359591.372009401
6368086.736059263
6385755.1182185775
6397260.862977432
6410308.456990486
6422398.337460173
6436612.457236086
6448740.267720094
6459249.2835512925
6472916.939866667
6485423.210058232
6498663.151172772
6511302.001716803
6525737.74629077
6541069.696208042
6554994.60919833
6567656.12334185
