7.651069509954981
7.6364668297612415
6.71294585076719
6.657938084289179
7.689389795990997
6.605802920899983
8.70984465945536
6.691848833905456
7.6414222539108945
6.665382124843564
6.74033884177156
7.641781942503994
6.761831655197677
6.689138829898931
7.714721080755541
6.701826801326358
6.737188337960341
6.716273676841252
6.599063653058514
8.732744968574757
6.716520599385981
6.638298041284682
6.633804713210512
6.675166547104331
6.633617995450793
6.673569201627057
6.773020984121837
6.738720705596565
6.7400836323326
6.704379002809207
6.694369479719644
6.706956889695686
6.745953955572829
6.7136658386751655
6.656451828670764
6.6706276341113355
6.596937447919973
6.740267290164141
7.637156615625828
6.5400845319938865
6.573950687051904
7.543352820676711
6.806732243775058
6.681981338964511
6.725546474980975
6.698037915829234
3.7371181356837777
6.744714956879359
6.686883866736434
6.619458821982411
6.642154345131702
7.6306996067658535
6.70486606653389
6.722675061947357
7.61821031839902
3.830947724675108
6.745562791708464
6.739645648424737
6.725589789831905
6.7206697269672295
6.701033811973753
6.677971067360859
6.7209214273716515
6.7632888574552705
6.7811586187289405
7.670744009168782
8.70874198726993
6.753610138786875
6.650894815010795
6.644839981103772
5.745916158483583
6.6134751900161355
6.719719228977037
8.685132240368768
5.684902777723419
7.670294934817857
6.728315728861187
6.813888127187887
6.713640704151042
6.75619767256638
6.70239129842622
6.663390288930162
6.700349124102892
4.66807228671523
6.711251681458526
6.668464193779161
6.636647755869821
6.744392191703823
6.731790086556608
6.710874608166959
3.6931468774035254
6.787299320641574
8.63549596626585
4.694256951447259
6.732752783670281
6.662320671048062
6.653221112453869
7.630633279840113
6.694103623789112
6.752608762759283
6.672145859705156
6.676884465419012
5.748660020154339
5.7211344533597845
8.779519058269212
6.696711011480339
6.659793098283466
6.675138407133098
7.742367130581466
6.7065315167853505
6.6546477651372244
6.635962488527244
8.748216773855491
6.601810274461339
6.794808729263536
6.5848750468672845
8.70504645436335
6.838852523295549
7.607482679395018
7.6807715069718006
6.70893576001622
6.696448564918675
6.83453174749191
7.716899517166627
6.808492492019172
6.672227729681123
6.637979287523019
6.685124529605559
6.659917490921077
6.63134601746197
6.7249517117382975
6.698800707633033
6.5713280523297115
5.743267453553336
6.73835115207747
6.723126337248101
8.635779733706574
6.591238851766939
6.681582997144466
6.655890079080176
5.7375397283217895
6.676929458084412
6.6847634246430285
6.7182744784017405
7.7598105338309145
7.714529516095849
6.612616796177967
6.7407640266973505
6.67021228228475
6.576067842714517
6.703643608732899
6.708004822493002
7.6590177246449604
6.692841722411722
8.708288926500014
7.5924123665064815
6.594997476796251
6.7648924601777045
7.745027785130448
6.658118131156045
7.644021188190225
8.675657743195094
6.798464697551347
6.553269136967591
6.772440825416387
7.649593320637498
7.731375376103241
6.674279267941272
6.75414088044219
4.679951404997251
8.644052060794774
7.7923355254946625
6.742014178767752
6.753494553779583
6.742656285624672
6.754383983957116
8.71352732785887
6.64579001059063
7.642493794442515
6.672230718203511
5.691560300843139
6.793560481215485
6.726025680148343
6.672379871309106
6.671487634758971
7.660469255524445
7.649037803110655
6.659794027521764
7.683987102077703
6.82474075211128
7.619538836473995
6.738441832458418
7.65555419823351
6.6002813458891
6.675685601226618
6.696929095125892
6.595929461520881
6.705391065127128
7.555201775874122
6.720690133253947
7.693491291375006
6.687451394873351
7.6270915142238715
7.752979963531213
6.763798492020636
6.755098157285063
6.697110054104317
7.7011664396134325
6.724948489492418
6.746224832238984
6.673004622163432
6.610819070089608
6.721336558725861
6.710263850052695
6.774376740993658
7.672489295830797
6.668371008891202
6.627572257118604
6.652104367059907
7.69172225058474
6.660550922207414
6.6578357114829325
6.652022240261435
6.744943276955615
6.652651120476261
6.748421387876123
6.709386096270842
7.626792785844885
6.606609943806452
9.672122748299076
6.628545189279375
6.706055910027535
6.7353002879588635
6.742298448120669
6.626579871563355
8.672946326275078
6.7482073589256135
6.621833236409729
6.633073267439843
8.60905582668458
6.695446287648983
6.665233737210376
6.669715373864693
6.638445371173547
6.727708296522826
6.679143267469238
6.793610138988104
6.675822366667824
7.6993092557649625
6.620419136567821
8.772314380184087
6.765853955054732
6.620687684948473
6.69369627334633
6.660098028627127
6.644349766391793
6.752895627756198
6.890865480042028
6.674753663117292
6.68077830483134
7.783137483540747
6.7154563250343005
6.755130930733661
7.669930886792066
6.7268580629144585
6.724174253033215
6.574175533127554
5.726782393062339
7.594479766506636
7.7895939357219355
6.691962655032812
6.60269401529285
7.679584036786222
7.67956579662204
6.679310165837621
6.685730703484061
7.653287390092964
6.684379755704277
6.684678110927331
6.7333297833594274
6.727298909238494
8.606931151701458
6.660559096695077
6.647999593405488
6.653534070760413
6.688703271420882
6.669404394863387
6.705584941031132
7.705688900463309
7.661553773514812
6.634562238005587
6.751708684478562
5.637654718613428
6.68537071560235
6.69503664715816
6.67259874883393
6.664834380303855
6.609714864804309
7.638429978031889
6.777924676585342
6.769801362730543
7.788746917686718
6.647739862486162
6.64945787932601
6.616127186731828
6.693993618457427
7.6536375832917845
8.600242021571121
6.60183341839234
6.669416144384612
6.757042054976761
6.6582783976844135
6.680707141411223
7.679200060968683
7.694738106006856
7.607528135622826
6.719930475739352
6.762434939739946
7.764177846294275
9.642086106521031
6.680455666812834
6.680442966819834
6.5690354253745635
6.719728097214306
7.708065589758221
6.69414517764822
6.646870145823877
6.667990489414729
6.741158318642307
9.62745419360561
6.671353038203574
6.747751297556722
6.603580359684071
6.692951886913484
6.729072504046651
6.71335107618142
6.7941139197264775
6.7031634598029735
6.731499548006581
6.71709454805967
6.648221902125061
6.6896830757564985
6.671263266602778
6.696589689841932
6.721232643263691
6.625255293909557
6.739732442007378
6.657249534069372
6.707793421602258
6.630466614300569
6.693870321216956
6.746857880701426
6.690851416234573
6.6801534481726295
6.664688674147821
7.711934997284531
6.649012152611151
6.697594055316545
6.775409590606844
7.693979029055244
6.6481459649181085
7.690711498201349
6.683363448567874
7.663025692097017
7.836659069044291
6.6266139736967045
6.708096807666925
6.777702338502904
6.725003011124352
6.7075165654202955
6.654538263196848
6.62574954907054
5.668087664626709
6.6904625090537175
6.676703861956589
6.7481047406951475
5.635806282057078
8.758488179719862
7.635759797277585
6.799029806472297
6.69706550140989
6.679277337714219
5.691968504172869
7.7148174628301875
7.555892556077771
6.663056005684459
6.7957047013969785
7.629130748195518
6.770016886997445
5.759708178292874
6.60832834087777
6.722064615618502
6.724605384378918
6.743353004798647
6.778253343038053
6.779402469550497
6.733523148266458
6.672303935385595
7.676030454680169
6.664381057681759
6.581085713032204
6.700360665421977
6.690305777571428
9.7394364035685
6.6216853787381575
6.648822797478122
6.710186291016638
6.69302367620267
5.713300352355323
6.723221722829416
6.644671049690624
7.653219953015348
6.6676938318498555
6.737833902446506
6.717169074138957
6.730131936441111
6.775309859014717
6.616441643067492
6.7566946228291975
7.710477228564656
6.613053731089506
6.697651841340388
7.702078264420204
6.668110353333621
6.734423874262984
6.665757793331693
6.705275279814255
6.731725725965215
6.645077202222126
6.814290858473945
7.682285614545244
6.680189196047259
6.6979434505199595
6.612291649671853
6.741578202473147
6.657249065541619
6.659982275948374
6.682109841492029
6.642852630860398
6.750030372219383
6.7413206501888885
6.685660116126612
6.662523824523978
6.719928095714595
6.765840036857826
6.663732885347582
7.700281727933801
6.74240581326387
7.584877122155664
5.662339640477007
6.592472162351316
6.814318159957743
6.582216891078237
6.664800666809762
6.733273541808988
6.6501508986546405
6.690869181659224
6.661793256796592
6.67780621062878
6.7356808642113055
6.605626132531733
6.602323219786313
6.585993035252072
6.762390133377164
7.724114509116591
6.694107465196435
6.673063777556232
6.6951498022473315
6.696844025022936
6.711337250658328
6.781974138529781
6.5885740753214534
6.558855792357497
6.749886500612345
6.681957809460403
6.729392887991049
6.732336342828403
5.622316532801488
6.725281708638521
6.671016289487219
6.634463886094097
7.702135948221771
6.695612598161713
6.53401998388265
8.668153057895164
7.6175679762159465
8.61882627929621
6.672214086059844
6.7190603275288945
6.613713300685034
6.7543093479284035
6.76305156428708
6.7164465919036065
6.719004289386395
6.656670004423601
6.723145915107191
6.610827523795906
6.640032502076689
6.7008861474639625
6.595023259495932
6.767666230927972
